Matriz 1
0 8 0 2 0 9 7 8 8 1 
8 9 3 2 1 4 6 5 8 1 
0 4 7 7 2 1 2 8 5 0 
5 9 1 1 3 3 0 4 2 6 
6 5 1 7 9 4 7 0 9 2 
8 0 5 7 0 1 4 6 5 5 
3 2 6 3 6 2 3 5 1 7 
0 9 7 4 2 0 3 0 5 7 
3 0 5 8 9 9 5 8 7 9 
3 8 5 8 6 6 8 1 3 2 

Matriz 2
3 2 4 3 1 3 2 9 8 2 
1 5 3 3 2 1 4 8 7 9 
3 8 2 7 0 1 2 7 3 6 
7 3 4 2 5 6 7 9 3 4 
9 0 6 8 8 6 5 0 1 4 
5 8 6 7 5 6 9 7 5 4 
1 2 2 7 7 4 4 0 4 1 
8 6 7 4 9 8 3 9 5 3 
1 8 5 6 5 1 0 5 2 0 
2 6 0 2 5 1 6 3 9 4 

Resultado 2
148 250 196 222 237 175 185 260 200 151 
141 235 190 224 196 151 158 299 237 168 
168 197 157 174 175 148 130 248 135 144 
122 166 127 136 143 107 145 218 205 161 
196 196 206 261 247 183 204 243 200 158 
160 199 151 172 180 151 148 271 206 120 
172 175 136 186 186 143 164 197 183 150 
98 201 100 165 135 76 142 203 183 178 
300 310 263 322 347 270 296 331 272 205 
195 216 188 256 227 187 235 270 216 207 

